225 75
250 75
275 75
400 75
425 75
450 75
200 100
225 100
450 100
475 100
200 125
225 125
450 125
475 125
200 150
225 150
450 150
475 150
200 175
225 175
450 175
475 175
500 175
200 200
225 200
450 200
475 200
500 200
525 200
550 200
575 200
600 200
50 225
75 225
100 225
125 225
150 225
175 225
200 225
225 225
450 225
475 225
500 225
525 225
550 225
575 225
600 225
75 250
100 250
125 250
150 250
175 250
200 250
225 250
250 250
275 250
300 250
325 250
350 250
375 250
400 250
425 250
450 250
475 250
175 275
200 275
225 275
250 275
275 275
300 275
325 275
350 275
375 275
400 275
425 275
450 275
475 275
250 300
275 300
425 300
450 300
475 300
250 325
275 325
425 325
450 325
475 325
250 350
275 350
425 350
450 350
475 350
250 375
275 375
425 375
450 375
475 375
500 375
525 375
550 375
575 375
600 375
250 400
275 400
425 400
450 400
475 400
250 425
275 425
425 425
450 425
75 450
100 450
125 450
150 450
175 450
200 450
225 450
250 450
275 450
425 450
450 450
75 475
100 475
125 475
150 475
175 475
200 475
225 475
250 475
275 475
300 475
325 475
350 475
375 475
400 475
425 475
450 475
75 500
100 500
125 500
150 500
175 500
200 500
225 500
250 500
425 500
450 500
475 500
225 525
250 525
425 525
450 525
475 525
500 525
525 525
550 525
575 525
600 525
225 550
250 550
425 550
450 550
475 550
500 550
525 550
550 550
575 550
600 550
225 575
250 575
425 575
450 575
225 600
250 600
425 600
450 600
225 625
250 625
425 625
450 625
450 650