1 7
2
-1
4
5
8
7 10
11
9 12
13
11 14
15
13 16
17
15 18
19
17 20
21
19 23
24 183
21 25 183
22 26
27 184
24 38
39
26 40
27 41
28 42
29 43
30 44
31 45
46
33
34 47
35 48
36 49
37 50 182
38 51
39 52
53
41 62
42 63
43
44
45
46
-1
48
49
50
51
52 64
53 65
54 66
55 67
56 68 183
57 69
58 70
59 71
60 72
61 73 183
62 74
63 75
76
65
66
67
68 77
69 78
70
71
72
73
74
75 79
76 80
81 186
78 82
83
80 84
81 85
86
83 87
88
85 89
86 90
91
88 92 185
93
90 94
91 95
96
93 102
103
95 104
96 105
97 106
98
99
100 187
101
186
103 107
108
105 109
106 110
-1
108 118
119
110 120
121
112 122
113 123
114 124
115 125
116 126
117 127 185
118 128
119 129
130
121 136
137 187
123 138
124 139
125 140
126 141
127 142
128 143
129 144
130 145
131
132
133 189
134 189
135
136
137 146
147
139
140
141
142
143
144 188
145 149
150
147 151
148 152
153
150 159
160
152 161
153 162
154 163
155 164
156 165
157 166
158 167
168
160 169
170
162 171 189
163 172
164 190
165
166
167
168
-1
170 173
174
172 175
176
174 177
178
176 179
180
178
-1
180
181
-1